$ANSIBLE_VAULT;1.1;AES256
63663439336663633532346632353866666165626536346437643531306562383766613861643363
3332383533383237653935393234643837646235346533370a373335653430343466323730613236
33653064663262616565643131643832303138393062366363386636393837313531653962623361
3133393438663961650a313363663633303233333536343061626636646335363962356432323361
31626262383432643438326137356532373064383065656537303265386364393965366166643939
33333464333632346231343165303736336537626436323163383138333137613933313835653339
33366133386330646134663462393438643133653665303434336337356563356333343534313930
33613239623563316465626661646531323263386665356138626636373830363762633136373234
65383033636462333761663763336635366365643965336335336439353030383163303731363433
37373338343536623861636137623633663737643832646562306661616564643638666461343036
39636163613034386631373438373865626165316637613230373061663031356538663463346538
36333239313931393738326338343233313030303439616438393566383632643231643731323930
32393564313663333137353034646436656565383532353962363337333239616565633365333363
66306234333239386133333261306163386536393433366265636532666237623263393931316133
35633931363436366239316237306165663838613465663165343132326339623632393134623763
34363665643765323037303133323164373636623135663535366131356463396331646134336437
64636332306361663266636239306262383835323231336662653234616565343431373234663332
63326466303761326331653462616665653834393263656636346633643634313330323263643630
35343061353466663433616464613731313135666631623034616331633531356662653761323161
66666562393037346139306364666430356361356564303831323835653534623964383264353032
35333666303062343333316231616333633134346239306665356466326365313634363031316163
39616137666236353939303664373533356439656137666231663238653431343461666533343331
31643366343661613565393762383434303963333237623234383436353236303134396264343639
37656233623366323061343530306537376538643130336539386635663265613338353934336339
63393365353138393434633532646131613535326366336639396433636331376639393930613332
32656433613036663835373564383762306163636339313063616561316363636561316437376234
31363139643362323832616662313436613138663135343063623336363865323364306364343665
39383362326231656139356439333738616363633831376135623136373835356561363730393038
30326462313534333464333164653765393936393732646533373238323039373038353931646262
33363036333239653136336138623264353539393362323630363235393265623734663735346263
37356261626238363136363135346265363136373965386636383161313632306462636561326533
65663263373035666663336631373639646231643432323031336461336536376336346439623331
61653837323261363131626136366630666532323130323737363934393934666239323662643338
66653064386130393734613434343136396466343266376530333736356164303564633663373163
31326166376664343330656331383030636537383964326434643937326234396163333232633230
64616337396339633730313463373264633037396464363064356530353866383264656265306464
38393061663766613466636232643832376637343563333134666331393239393634383865623766
32666235346236306262336632303436363739353463303538356664326166333232663730343465
31353864323434646564343633383664333730393435663537666365306131643463633133373863
37386564646239383366373537303233353766643034653065393062646566383863666561306139
35326435373738393631646265653138366566306633643433383035323165383036353330346534
36323133333538633632323330393435633861636661363230393536643538646130393361313162
33626636376634623734613062323935633833633037383261623461356164386365623164666133
35646637393035623462313931363564346430666236663532666232353830386663636365333034
64646539396238373861326135653435396263316434633332346539353865633432613830633563
32643336353364333438363938346462623838333464333331633631313137663232383139643033
37313762653632376466343432383638366335636130316463386632316436343534633830626332
32343266396434326435363365306135366163326236303935626130346537356635356632363931
31623338363665616139613036326564366233653932633664336237366639623332653537613030
62663433656566653838323432323165373764653234663863666132616335643763376233353835
38393330643432623363353533383636363538393136663562633431613764616339663838346265
36656339666231303036303736333630323662643439333832643962663939613562623461663133
61316634623434346266613265346332303636376630643636363330366562373535383862383431
36666362623264633030633535623663393534323138353765373639393136343830376563636432
64386465623234396264333036323861346239306435663234366263643838373266346132376136
35353631333864353935643837353362636365396339666439666631336533353739623564306163
61376334663464393437373064623633326661333831326235633938306231343337333462666434
61363636663261623035373937306634353366633634353064313738633530326561313164326330
30666664386364626464656235343238353038353335323335646161343631616464663339326639
63393030636431656362323136653537383865663566323163343363386231323862313435623930
33356633623136623662663862303239303733366430626530363936353639373565343936396530
30323031613766313239666563363664313035343866663737343037626636363935316438353866
66306338616635336661353166626434343161633866633364623134313431653630326134623265
65373133663637316632366461633363653565643930353336663062666464336664396437393862
34316562666439306333303632613961326534333663613964623130616163643461623231333032
62393061623335623338306338376237386132383533303132613938663733336634623436303331
32333033383033376234303939636232346439323263613263383861323538643963373339356232
34363861326636646136633139303163653034353861386339373535303238623238346265306463
38366530346362306336663463363533633339386237613162646137646536376265623263643334
39363833333436643138643933373164336433363132373636393566633238313937653430343862
62303761376237333630356131613363623963663238656233306165393431626166386230623636
39653362303031333330303865626633386432343062336439316163346465363638383765646530
37303166633135663236336630303032626162333463343664653362316234663963646538303963
35373364626537376637396631323266393363623536306236366135343533356631653765656166
31643036393730316339366364626462303665303962366631386164656438343634363163623231
33333735393362383437336336616633323536373739623733636230643830326163383161383064
34346236623339663731616466386330363562663231313233366239323565303537356239313233
61383237313662343131356332653666663461343338323566623233663864343830343465623832
37653531323766636234663736663365316532363736656638623939373139336636353162376566
38313932336636323138303164363361386133366563373334326666353037336130333562313362
65383336623231333961396433323837376131343165306137653634313636326638663366326533
37633337383034343831656661346137343263356239373837353639383932636461613063333935
34666239363261313764336165653539333362323963326132653638663435373437363436396261
34386263633631356436613664343530636132386433396232313365343863616363383962383963
61363331636539363537326563633739663635663235383237306535316133316635623365353532
65623436663561376432303835366565333833643532363832373064336463343934623166326139
66386531323363346463343739623536373235313134656463326464663765393533376236373233
38323039643562313434613064356134363864373436333533623336656533663833633937376231
65343265386133636232396234306530373035326165386336376465626332333362623162616534
62326438643163346463626635633432346134383035386130383237646461633136666231303964
36323233656632343638643635383434663230393864306266353334313032643264303466643161
61643363353361343033613533636665636664333937376362626139343334303139343265303932
36346265643036313932393164316539613036313762633533613134616331306437326231306430
61363136626430363963643765326431653334303561346630323662663962333434336466656164
61623233353733373661333231363363643037616462663536643861626331303633323562623333
61643931333261643232353133386339336665383032336666646335383466656231333735316366
65316334656134646630303632353039643239663161653933636362336633656534323564313738
64393930303933376631646436633837333966333663613737326664333737653764653763326365
63373165366136633532313531316162356439613063633038373738666531646665326163363233
61306562383937383739616531646433653336366461343765356132613333343037306662386631
37613133323766333336336237653339343462373166653762323766316439626130653032636331
62636238323633643434323730633064396539353866303737353636386136393963383934646234
61653737663963306330666333616432353736633938336362303939373234373434663861633561
32376139363738303965623834633831336236643866313461353036366562353235393239373065
39316635623963356233363737363338633031653165363964653637653030373233626634363233
33346265363031333439303138346439393336653735373961353530393934303934336632616234
61653934346536336362333237653934616331343166346431353138303134383063343563616332
38326338353234653563373665373962313236393062323536666533666161346337346238336437
62653331313662616334326166333838656233343934623631396335623330333337393062356564
33626564343362346236343165343064353437323438386536393332323334313366633635303034
37613866333861366232363363643639353666393930376263306663363830313130373534333034
61316632333666353733646364313530353139643263663330626538393138656230306132343963
37323264613661333930623138366665326361376137653638346161376232373737393439663439
35356636623262623964393230653964396162626663353362373039623039396534383964643936
32626638373235306632346332323430666266336236353434643466633035346566396536333362
36313830343734623161393061643433343134383932636130343165656237393438393765636635
35663037346332313862323230356337663534386636666365643165333962363132656666393435
31666261393333363361306131353438383864306530386134323231316239373765343762376635
32366338376238393537666138633234303062633231396362633461376432323430333237306136
30333938303538363462643134373636333263306263376666313632343838623864656338323166
30306162313037346631373937353239643736633832393039646133626537393930366331623466
34353630363837616333623733373965333266616265376135636564663630613064666432363635
63323763613563666637363134393539626566353263313035366431303930396264323137626663
39633533366338383866346532323937396361643037613933383536633563646335333531653034
38323362376537383333623736373864663734656335626338363034396565306362336362646633
37653338616139363163336265363263323465383862643735343935313364366132653164643638
34613436636335633132643235393738623532633363333631666364356363356666643865353439
36396238343663633938393238336632303065333830636134373831633937393030313439326166
31616432303338336263323137356533383065366139333063646164633634643437353230646435
38633664326562363965663235386634626662636434646635346266323966663265306433653439
32316530363937663539386138626336636430373666356139353131316362663635633166333430
37363366333132353362623234376339656335333563326433316162393339306363613731393964
36393639393535626631343730646464383166616135636536393862303662336234326132613932
61323633326331643435396265636637376238613837616433383231366435616132666539616266
653361306137316364323336303561323838
