$ANSIBLE_VAULT;1.1;AES256
30613439313934623536303231666230333037313234323861386631393862613938646439343038
6566396530343730633336333937646231343235313062390a383136303566623532653733313831
37653339646137623961376136353239303234363935313335613462343139663862313837306565
3135653636316232620a646365313130666537636436653161353232613732613134353966343536
63336165313564396161306631323766363864333334303334663436323139663034633731373835
64666130303030306139663930363236666639626630613039613032646161636336316535333362
36393964343235613232666630646231643838323531306139666130396462323337626634373066
62306438363132656437306533363931323364616132343438373033353464613136643139323130
38656432333563376533366133313433636662646563383630633530343239653630306666353766
61666538396336386637646661393738373066656633666261386266633930366564343939356338
64363032643436373732653538363536383533616265393664656334396233313233353732666261
66316334383961356562656264633161303438386365386666306334613230313430323663613736
64626563313063373762373565613533356562633135353135646533326131383963643166663236
32316235386639366539616564666431616666326664306561336664326533353863386334366366
32663665393535383430653731303737343965626637343639333739363730343562346463393863
30343138626665363930366537343136376264306338313139346333326236316663373964663033
64396166323265373034386565396665323263666538613466313931306562643437626163626365
63643862366264623536363431313530656362386161653430326439376661306631356531623236
39663461333931393561326333363065313131656131656234323662666565313738316364373561
39303936396464386663393161626638643939653365326436383665373836636632663336333434
35373733616339323066646130303364623434316635613432346339616264623937303663613734
66346361623037313361643662663933383030343762643562633966623936646532613639306362
31303435383666343032366163626465623463633466316563363736396664643266613936356162
39363965623934343735343530656666653934623061346433626232333438353036313165353539
30306635663063653262663836363666396462316537656337313739356461306230386632356162
66646232326637616332373432323134303938633162333039303231616635316630613136636461
62303461333764313034373066356466646564393765366237613935336536643033666534663966
30366563633136643365333131376462383035336362366531656534643930626532326438633763
62613865363339656230323935323835396435396633643361393433373463323038383336663336
65643537613232373439373534303964613961376463663666663064623739393035616235656337
62643463343432353537316332306464323635333764376333386364613233653837396331373965
62616435356263373036343362366637313333666564633466333861613835663332386337616635
38633137626332666631613033613030373538393736333833383037373765316336376338346236
36333365386632386633376234366636326266353139363732393936336639623066363763653562
61343564663531633635313333623661343138336136303636333630313961376130326337613464
34383635316431363664616532386132333835616232653238323534323461323763373539356166
64336564373965336638623061333838343636303838626330333437383139646538613763643538
33373934633731393239383361346631343138663231386436613833346564653766646466303464
37323934643139306634653637616632663730373837363061373639396132666663376336353530
37613930343564653830313638643131666537613261356134623739313637356136646532653030
31396335623630353935626539633864656436373239633139313433626365633633346264366365
30363439373439303132343639626239323739613839383331363833663137656534333162353565
31303464666264316135336163306165346234656133303937353734333462323531393038363730
65303338303065373562646639336439613665343530333764353035383036633539336361613862
66666664623433356336383231363764306232643364663038613266383961323963303565663163
38646137323563643434653530663232336638313733613463343565373766343639666461343065
31396161336331656566353462396534343438343938333533376163323063323737393064653631
37326432623536333634393366663862356162303162383365666264356332356537623438303564
62633266313832336631313136666164613930376636376535626332646265386633613539333864
38656135346337666130353437336566626130366562646336326163666236616463663131343430
37386665613130353237343266326566396232333238363164636366383037653036326364323336
38653666613837356537653434396166646361333562366535633961376139356463333165373837
39643266656163376635633934363965303964373935653165363532303834313332623638653630
38343063646463393136336563396564383666346138373166656166323536656634666662356661
33363933373763663462633735333134383830623261326634633365363837376534613236663662
65636465303338383661376462623163633764393835353264383932333130626434396338383732
33663936613034623436333237376332653339323461303833306236383261383536656636303865
31326635613434666431653639343536363231653634663466393234353564383535376563636366
36353763353034613465333235616434383662336538653637616261616336393534323762396231
34383164616165353062663131313333366261333234323164613538623964653337303531636634
33623865326461393433313634353533356238616264393236323337623234616436393739633734
36653764323961663438313734303765666361313437313132663732613931316136316132306532
63646665663136633238303066363639373037373765373161336230313262613261613339303663
35303662356364393765326632623333386636653731393962346461366466636336396532626532
61663831643631336333303963366561656130393333616466323066306331666361643638633363
61626436323435613162393334653462333262666264653566353863646433343936626563313934
38393933393366666666616464366238333931386566363037636562623462366231663461383735
64386561386338666232643635613263356565326231623165313163323339363835656531383436
64383965633232353065386264336366346562666530303737303636643662666337393835643033
34643935346430303366636237383534346233333364333265643332663432633933396165373838
35613638633038303338323330663034393431646234633131646137643337613837326464303937
38343531333261323730646261383665646634316365366534313431623138343033376436636363
33306139633961363438356632353265303564373564623034353731316464393463613431313763
66616566363833613064393334373061393038653138313330356138326434376666633161643666
62626365326363393261646239366263393234316361313465386430333162343662643732383265
61316536636139636465333835626366623038666161633863313665633236353836393830333363
64343435613062626231346263313161336263653264633931386130383666393036653965333534
30653934623538613162633732306234336333663239373266636432363661326431373163663533
61633331363330396164393632363937663939656463323030343533393232643734646466313763
33343732316436643235613838366332363737373338313638396363633565313835653531623466
39336437653936376437353763646339366235653137663435376261373562323963383333613737
63373766363261666463653031616636633433323061613032333839636261343230303062316433
30306133633261363962613961666431326661663631396561633930376330306562313765303633
62306664626636383138373537366133623666393131633635326432386662623330356633393764
65623539633965333731333533353732643430333163623536343032613564383936633533663837
66343362366639373734646137663738613461353830613538636431613137613264306539613063
33323632643666333236373739613939663035323534663264623963623062316565363335343739
39666161616430326431303465653064396639313961356562623830386164383232623063613234
31623932376461336666666237623931623735333964383335633432316137663834656431343431
30343062396465313362666331626136306239326339623132653730356231363936336161613165
61613230316437303863633436356237646566366234653834303965316431393133326538323865
32363264633631616638626563353839633934363433373263396365396435633562306238623839
64383538656437376339643365356262316335386362366561326265356435386162306637383335
38626539633231316533633462303965333134616133306265383163376335303739386631623962
33383238646365356131623266613561343862326664666565626666306330366331656338343634
62326131353235643961346537356666393862303637663435663836316264633265323363393238
34646362353866633865333831363361386661303364666433346635396236653835373438303962
66333931666637373838353437333063396135633238643163353730306535313463356632323763
36313830386332623866623361653464633366343231666564306439326137613762356137386233
65306661646233633963313064393966363833326561363463373261636337323165666130636364
39353464663932303539356531313361353330623237346637653535353831313632633564353635
32353039663832616234613365383531356133373130386363353034326133656335626236636631
65353335613736626630346333623833356365326137303565666239303037623165363739343062
63623165376464383539663864383165333934323633323532303834626665363435613863616538
61333064383731313731366266623561646166646439333535356632666165333163383730656433
37326134353965633535633765323261386530616266646330643036353564616134303436613034
36326335316335376138343835613265613538316563363039613933646566393839323339303138
38636130343139386531626637663536383964613664633536623537363463623665383332643162
38306665363865646365326533353163393238656435323733363439343432633062393034383964
37626666626634636366626532646337383532623439336535623335643338316337396365323664
61353538643866636365663734646330613533623561666435373639623131313332306362616537
66633263386663643166396532623865646237306339373261303833613736313463363539366166
39316637663736323133313130316532653837386464396330306233643133313935363139383438
66323135363063343336623731613532636130346366616131326365376136333130346230353034
38646161343534313639663762383963653638653333333666646639313864383136393235393832
39653333383236636561343033663231383035323861613338326232313862383937653762343439
35336364323934386237646464636236383461356463386134323731333133663535323162343639
36393038383962323565326363363664633935333739353930333539653666336139613434356230
38366139373634303064393330613839393139636137393761633361636263653930336365643238
31623838323364633634626334323336656165333831636261656566386361306637313535656538
65376530613236656330643333366332623263306662643638623637646433333238636635303634
63343965373039366338343630653461666538353564313562303830396339313130623832666664
65393961623263373239393365666431343062666135356639326632666534346534313231313133
33363135636134663539653830326561356163663262376566626437623332633731383232376362
63646134396165613264643066666664393335343431613338386662326531653631303035646530
38393837656131303863343464616334646539653866303034653433373332613431393133306433
65366132663766646337653439363332366266356339326234663337663837363465313463383832
65646363326462333530336230346663643031363038363336393131396365353165386264666430
36383962306138333738326231363563623231383034646233353833623732363934346162663331
65363033343165663364383237623238643630343962353039666437613763373633663337313436
61613437316431383739636633383032373432386430383964386139323138666637373633383764
30383765356438356431623261336462313535313365333863303835636131623233316132306638
35383935663630663830353830313335303336303765373732306134396166323264616664663032
65316131343164393430623339376237396262303163636130653437663662373435396164376339
366461623637323864633531383161633336
