$ANSIBLE_VAULT;1.1;AES256
64623165636539643937363963636665376466366239643734313465393533366636376566616363
3331316337363062383363363230323138643239366531390a626530633330366536306561303666
34326431303630353735636533346430313366343533353735636563643739643930376437646565
6364653436316633300a633330343230346234653364353130383330623837353338363335363565
38353233643137653563393830633032316666366462356461373132613333336638616231356232
61316334346534346238363765636433363538393531636162626133633739373935646539643335
64656263643531323536636566646332316438376433623136623038363539613362356335303037
37316562333461353365663935666465373836396230653637396362613938313063626263323136
31633638663339376539343631653134393664343165366662623761306264383663383463633439
31366239616364353732376135666134303864396432326230323332366234346162366166366538
63303033393930353662343164333363326366623732653039366435376133336231336564353831
65333939303330393634376366313661336363373536623066633965386262653063643237616431
30626531306539386231393161646263653039393939336565613031346536396164663765393165
39386334633230643437613237383439346531386436616564623533356161623033356366633165
36373334376662616261333562396636656331376535306633356433303736353565623630353662
64346537376139313932363234633131313663666433353630376238323363613961313032386333
36333330306463386435376533396235613338373331623563653761356436663932303532366136
61386236386363376663626466386364653735373337663936343134616266616662373361306361
37383262663634626536346262623063653265363139383066646336363836653464373365653466
65653434396131333465396231663436326539313666653764356264626363373434303462666362
38376639366138386263303139666566373864326131343434626131613864646435393739343635
36666237646362643962643937306439393330616438613265336435393163383964303435323561
39343865643231643531653237326566393732663738383834623065653635623562333566376631
38373331333461643933363630346164366635383136646162363963356630313533356631376438
39363836616562343665303861346437646465333830313061333236303334623665363265396537
62333361383762613033353065393030346661303962316364383035356532393436623965363432
30646366353836396130333635366335313635303865656433646166636538613761303231613066
66366461306438343163393637393531643938303432313233353766643931396534346334313532
38346463346638323063663933373766383264666163653538663538346162303966313437343931
61313766353262656465653231663730356138643136616437363365636530333835616531393236
30386361656162623232636130383632646131336461623637313536386138333639396566626566
66346337306263623437333338626534636338643434623837626333323333333539386665353333
39343938616166623730303136393331336631663763663762616332326438613663636138323233
37316434323064666130373331333631363738643338323566353933656466663662386561333236
65333166383830303931666664373865663866303336336364623734633639343436666237373837
65363665643231343030363032623233393430386237356535656361623831653065663234393137
61326533353936386331346231323230663766303837616366643830636431316536383537636235
32383638353734633836303938633032643036643937393734313466306239626633656632313565
35313163313430343535323364363233303733366662653363383965633733623161636236373232
34653464656330313362623161393536386565393734303133626332643233616133623133636636
39366630636237633464643863363463646361326661626532333865373034623630323533666662
65666536373464326338313034303135653565653933653863643763643465316239386132333838
31343836336466646362613337666332326564623832643763393562313637636537343134666531
30646639373661373235346231616436663832656331343331306230303033333537643439623562
39613536393631313431666437363133323464636134316131653161613963333132626261393462
61373230366165616131346638646530613435356433636261616537393539636336363738356461
66346536366431656539646561613339663461383434613636303034313366623133306565366365
65636637326237363164356334653561633162353634613664333334326239353234653736646330
39633733643562333037646164303034663762326565383537636263333266356561663762623635
66336431613835353465383237333564353461653435643463323061353233643461636133383264
63306434666433643134386266636533626439346436623637306361613466326663396633666235
30383762633530653462323666663064653831366366303930653062393232393363653336626238
33363863323338666634663763313539666464343730383034623537356665393231313038306365
30383164333934656332366566323732383232356563353566366335636634326335633762313836
39303263316138633531346364323435633861353838663337623161323361356361303962323338
37373932656164666633633765313865383866623439386664633763353635613731326362373135
66656530623631646533653766333132373630633661613434643330306364343833353438633162
32393137353961363134383138326231613338363336386663383061373839373766386661353262
65646532393463646630336233343461643836333933643738626266373936643962663065313034
61613338636532623962373938353462306463363238633539363163373830316134646436353661
65663931363861343461336265623039356333636535653263316661386633383433393333393934
64323731363638393061623962653634353933626135366236393133383165346235376537313966
37373365383230643232336239396534313962396561383137346361643332663033343032333865
66643865633061303265316238373737323933316336626535616564656632366465616361633138
38363862383161373836383039376135376536316361303035623061636131386536643163623335
31633134313538343663323865653865613436663331663235643031356237363736343663323637
64623633666164643437363830643738666665363761613233373239356331623732366634373438
62663734353765343631386533626533333737643530306537333733336462383333356639353966
32663530633637386434343437326330336238353539306262343030373938383366616639366534
66643561313734313933616633366264376236363432393761393832343836613166383239643761
37323932373563343932393866396236356130306365616439656265323135356461383964356463
32653736626137336662306136633963323661663862663731396563636231376631396464386666
38373466626361343862336132373334623938326339333134336266366532663535633334636539
38313233363236636637366530306361613565313866386137393536613634646238623662323238
64313032646431393539396264636265313738373763663038316666383532663637303262636261
35363834373439383937373934336236363565306563666431363932393737303962653963353337
38633134313162386236303364663030346234396638616337373232316665636239633530653336
65376233376631613561373237313234643365633733366163383161373930646662636266363037
62656433356538343337366234636366613831316563643839306238366337646564653734653262
63323032333333343463643132303739306232333539656364656563323636663765613166353233
64396466666432346466376464656266393265343535363762666531663536386336356264376436
65643132356237316639366639663837333832333237376666646234653665333731303235663964
36396637653337376435613138333738643761376434343539633862356262656666666361643463
39623136653135633233643562643139303333373733326630336536663031623433313139643564
32663938653061663631356235323538633962363664353865323539646666626161666164613064
39393839613432636136343464396130636561396662633834353733303033353439386634343432
65393138393361663233393336313962363663333332373636393539623632656639653264366563
33396537376361663335666636303032336236623432383139666133653437396539666330303862
64373638363461396433316237323161323234613039663063303732306164396564
