$ANSIBLE_VAULT;1.1;AES256
37666531353864323838353661376464656365383831396162333663373365613964376539376162
3437656236633531346339633332663634623535383238300a373734656532336538303135343930
38323165353530633835626636613631336239373031366462393734646335336134333962323531
3661326165393263640a646163386264336366636462646362316433373339396330363634303930
35383766363361356135316630333938396266306133353639636638636331336361336130663861
30633161363163323338303639653632313162653861653633646434386465306262316334326562
35346431383332656363306361303134366261616236336539636263383666383261383365373665
33613235626238663864613431646337656634313465383836326464373433326264656538343261
62626264366465393030643938336138303437373766633564633766383538376664373232633930
62386536356662383530396265643032376135323664356438633461323430316465346234623561
65653230386463643437613662623663346335336234663835303466613363633531306264313362
63626336363530366433643630643238656635356262303064363765633239396333613532303138
66363930316666383339326433626230323538353438666166326263313133373064343231323833
36326238636362336662353936386437633537646439373039356332663363323632386261636430
63653462316663376465333363373136393931613265656537393861613037316437633364636439
38613836336236656437316138353163386235636437613238363635633863626665343631303331
33353537663561393861326535343965366166316530663866613837393933373633343665396230
39613835393131363231633237333363636539353033353539353936616666363138626664656438
61613530386331396263616562336466326436336262333933663066343737376631623861396335
37643332623861656637633934623462306661626334623833626332366163323535323331636232
38386364623333336631346338646636343464386432653064356138336537393733623962373261
66666432303565376332666636653930346563316664643931366163376430393564323038623931
35373964393163633463366530613237386565333830343232306339636638313332356339393434
33333039336238333536626462636561666564396463343965383662376537333866333165376166
33666363306162383732333837383136383138353633356330633533313961316330363832363733
30306564336165613135656133613937346461396663323636303766613233373938653831623432
31306636333434343839663830303235383664623563383238306232336635356562633364613836
64653530656464386262623833636562323061303434616431613766363964643235363966343963
33363731356331326537376134376434336339636138313064363536396234373738366431623632
31666639653464323437363063656438376430623966623963303830383864643864353635363637
31353666316338356538376436366130343234313566323237646339303161396236363432316439
31373764386134323466653338383166643431346330303463623361383535383930633734316239
33656262386233383138373335313039353765646537306237363134303264343766666363663835
62343335643436326636333666343665306231373266303164663236383465643639663039363863
37666436663265663166333162663836643438343764313633396465383662666665643936393930
30306365356166336462386165663466656637613231303333353562363534333733363866393232
36383636323663623434613930333237393862383138316532653038363233333064633431326561
63623735366238366630366264373131373433346665326236613264306632333130613635393837
65613531326334656165383134663535346138383966316633313964313133663139396239366334
61313164336661353163346135316164363936656365646266343837313435356430633063383235
30316532323136303361363439633062636661346535343163666633333937393937613233336261
34306432336535376230316464633030333664646663646135303435383761313337393938356233
66666265373435376462623262306466633262643539636137653439353739633939613135613333
37363663326634396631383261326238306537613066393438666332386565373366626434356363
66343563326435636363323236633536393838373031633165366636643264336161656134653463
66313463636434643734353666356638396130633735633761666461363265626536653663653964
39666136306661303831333036643832663734623765623837343333353338643334363363353764
37333532613862346161343339663761396662653838343364643464646133633763663262383438
63323131353532666135336136393636313538643936376365373038633634303434613461343738
63653539643136316662396138313132653534323263633165363034313336646435346163666636
61383237376666396161306232323563656364623566363637313435346261633832623364363637
65383064613635383236353832623032623531646136366564396138376535303639386431393732
30666164303065613962353334323735653566326534373139633238336632356536363330313264
35343633663533353533646664303563393539326133623233613134383364323437666634656230
30616161636166633236313963356261626439643463323261373664303865346163623664383966
62376432353662336365626638383232636535646239363137666566663266636464623935616165
63636337653362333733363963306534643263343834313035303763353731313961363131303033
39633433336638303732356430653738383363343632663036333239373134346431326262636333
36616162643365623664373530373663643136643534373665646538336661353139303231366237
31656161653536343463626162623432313961366137323462376138356466356333626565633135
62396166303835343534333965366334376238653633366263373438363834346530346632383739
32323331333966366236366564323937353762653634356234646436653835343664336437643330
62333364626664386535616162353263643834333464626561396339623632333131323064613261
32396434383930343037383931323935663466663361376363333230626230613339373534323462
37366434393264393364343937393432643930303432386137326665636361333333643731373966
64393434326230326466636563643364623832656439306336313233316637663435656662343763
35656230343533613262383137376161616462313430316134386637303630623666373862623365
65346631333365333364386163643566353536653265396131323436386161616334646332386432
36656263343833326435623430306136343339613965326135383065656463323932306565313961
65363931336261306235346232616163313234666531303334636262613263343730643233626665
36623935333035626631666563626365636435386234353234646464326433393531633561393939
37363662386136636337343738626135353135636130303566616634336135666138616563386536
66343562336439616533393133613666623366306535333834326462623565626565383962303163
65336535323661353339373330346239633164383935303130633431623364393931663733316334
62623561366539636463633062396262366631663032623439646134356261383737643030363530
31636239326636663864346534633236663263306164623562363066633939646538313638616232
65626139316665346563333630313033663463633063666539666335613064303133393339336432
39313832656438383932643231383839616462626634323539656364313130326530363136333164
38656534343934343739333731356462643461383834383438623663633264636165306635373462
34313635396165636637303066353263333636363430386337303031363332346262306136313433
32376337363238616166303032666161313464376462643362323139356430303138643962313563
62313136373538656337356634623065323265393531666263636566626161323365383965643165
32313361616432303230373661343063303130336263393935396431653563386661336138386238
62623131373835333438633030333233343864316262666631663535616564313539373461316236
31333565373237393362616565646239626166376161353531656561363439363265363165653531
33343866326132343531343234353062336262633864313037636662623666353636626335323637
39376231373461333939643663653836313764373864343635313437323436323864316366643730
64623337343239643665646433383264663432646639623236376333366561643461373161333432
31643861386162383833663533656537366632376166623562363266396230326135633563326461
36646633373039333930616338616634373236346161323239323638643437383531396633623830
37633266323031636265366661653865323739343830633138616333396532336133653638313034
33353630303764396134303737303333333535353861383961613634343131303164623333316462
36343863333065646236633931386361656239356662353239373662393265316332633765356335
30326236376565346464653663306666303638346137633766376537666135363134663730326563
39343434643161386336363032653561363332316465636365306562633039323663383930303231
34616431353865643638656663613366656430316564396564383035306235303135383637663037
64373061323765393435306566383834636334396334376331326563396662303563363937616566
34316265376137356235386437316235343337376334613332373630623731323663623739636236
37633238333365363337393933303661383963363738636237306430666435396237653639323431
62313136666438353431386661626132343737306633336438333061323164653062633930366537
35663934643461313062383864633235623262366666376666656432663533306266353234643230
30353136653338393235343731336235393638303065636336313538343264366263653866306365
31336332306333366635306131666632356431306663373231643265633964383163666365326161
64656166373234623762663135373035303835323338373539616166376630383239363933393934
33343835383132383738626636366436366537626538306538393237356562393037396234323435
62393132633366656538313362363733396237363032313836363864313862646633343534336139
35313034383132333936373166663166313036383264303261353465656131613063383734633831
38653537343731316639636338313533626264663830343437653036343062346161373934326362
62383561323062306662633765333062616639616337613132353464363438393664353566353433
30633662623032313038373066383031356433616236323339643965663335643333383632396332
61313730393433393334353738653835323165353331646166336332393033383438393438393230
36626334376435343466313464323664656139356236613931636537623066326132666438643436
36363038616534313234663666636132383235393639343035326336346362363331633034383733
37306534653661636230623638336662336435653736626662613665353230393032396531633363
36636235316166626430663537316135306165373535393336646531643763616164656338326464
66663038346532616130663861393866393833306130636135373731383764633231383537636136
32383866646364653637616665366237396132626165393666623532366431313161616161333031
62633237626362633434653265373533396538336665623536653439643966373838643266306262
37306432636363393338303830313937353461663765323765316531653735393961613561643362
37613735616363303161396637346562353930626361633366356165623538653430383164643964
65326665393633633964333737303839346430616432633533303337393562663230656563313337
34326632653439623661646165306534343131656535393933633938363532383565646262643166
31383163363435336333386463373038373835363833373664306635343935353561613933326637
32343731386435653864663434623737666335633634316635363737356663323661333161653861
63333662626531623236663432383731663234353134646236363637366336643833306662326633
63643364663261303862316639306263646463306630353534653962623532656162373466386164
63396337356631653533336662623138346137653363653530623937303836353634356165626366
65616664336438326137306339656137613235383139623933663539383939343132373065643761
32353830333464303534666462663733323961353232613133383063353532376362376438653365
63333364306335396536626631313734373030646639363962303264383332613764623230393664
61336533313433636630653833393062376438353837623163333136656230643534333536353335
62636235373636656263633165376562643935363962393663363865323634623863323032356561
32643434663866343861613465333862626461616337613135623365333264313530636431373738
64396464356336323838373163353236623534623462346136656532363466306239633938396563
63633434386138656133653031333737383462313362303465653363656466353230373830393530
37613830336131333030663965366632666461333239323863613637323639616636316666333363
31356234373262663531356530363034383936373265663733613839353034396132303939303136
35333066343264626635616236653534303262363665363166663334616137333130323934353164
38343637313537393232316530626637363866346362316435383031613862616438303461626236
64373833356331646632366630633064316362633465636163666662313131666531383633616662
62336338393466666365633131343033333733343364333830343137303134313264326533646266
62393235323463316537666265396536353135656533393334643437383439343130363561343439
65323938356165396237653636666463306535306239643230643538666338353935623235626166
34666365353033323532653639623036643063353463333866303433643434366461396437386336
34613237663739363665353264356562643437653738653466643638303434356330393462626165
63346130306631313461346665636339303562343365663534613731613737616238616433613330
65313161376361383962326161333331383865663138663834323930326635646663386432626536
65393132646330636364396462343762316331316132626433316563333436633633396536356536
32363139383333333734366262343137613361353566626462363164313964393230366437313233
31303633613165306234353235326233336233633839383737386665393737613061393131363133
32393930613535386162643331366663356233346163353565396362393638326361393161323162
62666163373532326337663936616233356233326466306266636137653534623938353838303731
62303862633933353866316464313238643965393263666261393661643030396530333533333366
64303461633561343938623763663431626533613438623861363762323132393136623534383430
35376361306565666538663566616136366161653165313233633936306365343866363665663939
33303466626633306562323531653562353262353564373262396536396132366631373031643962
30323932323636313734346530346130363631653561356234613536306230313264313537373435
38373336383136316362623039326235616437306632363134623635373361313965623839323531
65653834363932346535366561373161613939336131346263653233323066636432623264353334
64336263646237373130663233336638663237383831646563656534326462376265626664353735
66366666306532653038666365373134366631653236393037343035643166303630326533343131
37643163386630343839366637633336633534626338653234393163313331656530303963313361
39663564623461326232346161363931643066346635663961303732363864323563383262663138
33343939376132303163393536353065356165633666616331643161653538646234373365383432
65336131666361663835343439336233663637663032353062616433333863396364663937636131
38393232616436313962316465386438376163333435663366313337393737346534636231396362
62316265316532646134363561646266363861313435616631336538366264313530353564646232
36373030613932383533646164626561313734616138336139616331343962613865623738336135
31363534616633386565363337653433666238636232633535303039343331646138353932366664
62626564653861616263393931323161646463656465303037323737313761393434353039646363
38336639663866626533303235343537636266363931363139366266363137376161666333316438
62303330363766323064326136363861333137633437383736386430333432653234323562656334
34363934363161623238373433633939323237353932316538643530373133363134333866656164
31616239626537663039366132613933303438653239336261613939343539663834376239333134
38303735653862333034656539616232613739613531646636396564356565646361306265373566
37356331326533656466636663616238613337663032636130373966323331613631613064623565
37326233373761616432643964383338613531323133353335633630663963356333306238656535
33356564313064333665393937323661333631383033626535386366356534646461386262656562
30346632653434636237383236373233343961383065323334313261646138376430323031626339
64383230316562386632336638663234323630396366326562303431616361383135386430363461
38646431386134313761323065643033623566323433373731323561333138656138623936343766
33663561393330626435333033316266376636376436313664663034316238336536323038613965
39346234623864333035306338336161646634373931653938313963663062656438636366346239
62336233326535373266396566633330656261333432636162366465383133653731626562633362
38653937333633373934306364396337316163636363396239643961613237353537
