$ANSIBLE_VAULT;1.1;AES256
32336632616632306139366535323437356436383731383633333338636233613164353863303137
6262623732393732323462626435386330393339326134310a303437333663333130373136623831
30333035626334306533396535366666323766303735383934366532373836356238613938393830
3863663032393862390a643633383436356233613534653261656366316436333830636438613035
66633931316562386365613635343961663966373330363035303236633838313933393931623361
66663061626462346530363363633134343939636537663531363432313330663337646565323533
63383332303065333931353337356434343733633038626233653232633166393661616330613239
66333431373163643364646464393861383830636237663935653865313939353636373535333063
32343838663030346361343364393636666461656462613235326465366233336430323635336664
61326435363065356438323536333766333964643139616437346632626238316636343738346233
31373636653032313030323861333036376436643731643461383363383839376533316139393432
34653330666166306564663233376138666435646236653138343365353136343662663435303835
33336365336361616537373965663062666263303862383061663666383830343733376235303061
62313062306436373566306566393662386237353966306635636430613536353537613332366630
63623935393764303062383435313330326132623234363132363336353061653365613265326234
64383733363765306239396338393638326461393531316239653736363062656463373063316531
61646561626463666534663634363964633732326334366339336232306533663764623937633337
30366231343863613231656462383430313831666466666235303337326637313666353631303565
66316362313164656364663066326531313735613161333138646633656537656536333238396436
39373063323534343437656138396366653865316339303133373866333265386661613731353032
37366630376536653938653330626538616363636561333131346465393235623463353537663230
31633465616636343732313732633930353833393939636331626633656337306430373231623039
62623632356336653961616132356362326263376436653636363462303138353163363739626562
38356231623335623436626262346431626334653461316663616535333837343039373166636239
37646534316330326665373063323431333335386535663761313963313065373337633464333330
61326463663865663262333866366530316166313238323562353130363962393264343135356631
37616264326539393863333039653164633631346262386663336665656362396131663630386162
63393431303661666434333431396134626634663466313362313638386232373237363639383465
34633435353731383336663466396432393431653834653963333332646330336463373333643139
35396238396364353032623536333065643934366539666130353639363731616632643165636362
63316636366264346562636436636237656436396130653137356537346566616134353036636236
62363266356432303965346130666431333933656134316436666164323764633233376631663239
33333037656535313934323536356139353266643836636536643765623538316430323163343066
32623036363534306235326235663736373037326337393363316566633135373137336134663162
38623461363936303962346435633839663062303265333137663132383131373032323935653136
35396664303935663138313937323361383730626161346337356335386166353539386361303438
38353931316561613331316263313635346166316661623965636164363166643537633764653036
61383935373532656662393732326636373261613335633233623033613366623439666631616630
36316130666138386333663239663063636431386635393935363436376338393731373161326636
39363062653435306433323339643033653931353332393136633532316665613862303832666332
38663762306632353031346263376563336132616535626636306439323335656536646661643332
30316561333265343031373536393239613231343261303733656463303036616130303861623965
31326537326563663939386336646535646136306137396338626238353238636661366537363938
36386162386230393362313137616137386438636631303831636163336665633838306533373633
35363135343132333336363330343038393465376139353834666365663162373564306235643238
64623234343735623837323930303836616432613664313438363230616436353761303662346532
39396562376462303734353636643035303261356663643231393939366536386236316630653764
32633362613464653833376534393437393336616133386434613863346136626663363336373034
36663234373938636236313935363234613531656534623436666565333839323363656137366638
65653632656536363063323038666338616165656435376638653561326665396238653533313433
31633130336135633530613061336639626332623832656164356236633235333130346566336533
36636539356561646537623737643134366430646638653662646339393766343431393538636639
37343661383362373530386662663463363665333636323537656530396461666532393866373038
38353463306137393833356534626533346632653331633963323766316539336536353363336635
37316464396366633832626361393139613064316133363963306438626232323836613935316165
65306436303864643330333930666665353761613436373463323234613438313163373632353738
63646331653936643363663430343436656435643731313335373363636166303235663266373135
63363862356239666533626333333232363565393730303465313334663831376432646338306233
35356630333766393561363136363961626336643736343935613730346131336163653962363230
63616263643964663364396438373537306164316136383936313633613365306436323933333063
35613038653837633532656330306131336432613634636335383262623930646134393763653132
30383761666131366139353263383638313431376534316263666435316139373066663639623531
36626533666265373035323236373134306536353162363931366534663565353732656336373436
35653030623833366136396165383862636563356137343964356339326130656462623636656534
31313230366666343561313938383066636465376331376233383261376231303832306639303263
38343436613339333638316532656432356662326435646561323334623733333031626464613938
38396130313864306233633732646631313031393736376237633033323166353837313266343865
61613730633539646365663533336337326235376266376465623234666462376362323338383564
61373536646562343137336333303532396234663531363863663765626439333235303638353362
33313130333130366336303838326165343937363939383335656166353131613764663235653633
64656165623733613139646239366636326237386531386132346361326131333265633831303736
34663333323532316439333837383962616231396130656130326366643438313362623536613563
30383637643861323637643130366133353139333633323637353432383066653931393062333431
37633062656462373331326536393930643733656436356361323831633466616239653837663565
35656638636135313930366363383035316165626538626566303635353330623430326363303734
31333337323664376233353436396233353466326563396365386138323939666339653939366564
65303136653439656333303265303835663361376361373834303139363132383861646636353339
34353030666230316663663565646434316565366633666638626237643862636439633235383232
31376332663632636532313833323838383637306533376262313566666265326135623838343134
64373534373236356165653436376538613966376331376237663430633334303264323761356662
30303136336661326264363732633632316165383638343732626134393038386336336434653861
32636434663865346461383333343534656161396565623933336133396239316139616534653863
65396531663065636335383130336230666239353763623430613733396632643562343931613238
66306362356463373638333763643262383535396330333363333962616662326236613631396633
62623735353163383133386231363739613830383066373335333233313137333465653963313534
35646235626664343439376634323536316636303364303234646639323131386238646536363333
65343132633866663737613064633337366534656531633632323939616232616133333939356238
34663239363338343133356531613364303839303762643061313637666265376664323237373838
37633239303830303232646130383465613633356261653464373463396536373465
