$ANSIBLE_VAULT;1.1;AES256
32356237613535646239373363386336386264393031343237336238346464656430393261313130
3965333330383232306630646535626264356334633032340a323233313361363062306464303736
30353161373566363537393139353661633839316463626539636334366438303235663530363635
3436306530396336300a636663333739383161613133366633636662616565383164626462666333
31343062666639613134643438656664633263666130666265366334636438623165666335343663
33383033336138376338643633663634333166323733633361363665333137343239363032343936
64626366313165666463326330626634303862613839613861636261363063323233356237303330
64343836393132323034323263616137663034343830666331373464646233653561383535373530
35656563363537646365663631663037386366363832333565653838373437323636373861373636
38643565643063633765636333353364366230366235303962386631386130616263626130353765
32383832636365326531303265356533663466326136373963623962353033643039653635656432
37653763613436653334303737643033383335383861306636393966396131626534373461326461
61636661373665343861376231353637646539653639343031363830343231616264303361633862
34666533616630656131646636386164303736346262376638306266613739646164643162626436
65376438653833336335636131643165303436646232393363653437666438663861663865393333
35633739336334626165636365386363366436633737383765383461656139373134313037333832
31613266333431343232636131613364393232656137313336323963383533343834306432326161
62633464653634376162373163316366663336613333366261366261643062313439326332633333
37663439393535383866373734663232316230636462346464356634303734636138633739666564
62623938383666316333306533373738656133363231366265396533656536376361393638386431
32386363316139396238636232623930383230616139356265316532396664656163393037636363
35666461613830323437656439346532393264656162323136386234633136343966646530663638
33643131373934323730353036623365326239336433653561646237393064303835663634366263
61333061626434363465346634373433386232313761373965646131333137653135346639653135
30633461303365323630323239666435656163313131376166346261313461333531623366653166
65633363656430613231353339323063343632633166343561653263356434383932656638396234
33393961613335366335656266623935376631376432633835656130626435333466666261626463
62663338623165376339303737323631363737316235626264356266316331313231623665383065
34633433383865636635656463343663363235663937373765383635316431376536383537373764
38383439326662313533303663366564333335663234333236363433346531333531393231333633
36616561396462303865376135663666626638313036633831373966636533656239633738363861
61306235303165623565653630366530323265646631393639643734316230306630626463386433
36623035613939393266313665623135316330666464663963383862653939396533626461653530
66393966656238633061333530636433333735386131383837343737626430383265626263386432
64323363383831366532663162646633356538383366356130373439613936663562666233343236
66376239353432626634373239373331336661346430313762393933656232343833386532316161
35393964363762643363663034366366626634343961663436353036356138373639333031643538
38613465616432393133373563626236373934643537363461393262363134633634373236336632
61616462303232353933383437353866636130393764646536313139323839643230313732333964
66386362653639363963363331396465636365346464633461323238316137643336336161653533
38363530636334363361663732616666616261636337313865393337333830363964613932623363
38633534333966623036313263303334386138656139623132396235366465626261653561303138
61353362646436343032303938343961343963643939646431366135373461393333613563323031
63656262653033313734633738616664346534663965666131323363633961613632643730383230
34316436313130333036646265656233363261303533656539306630646636643835656265336162
35663062613730343439326365633432306633326666393037666134653133633164626238643339
31393964613036653630666532313031313335343963613236373133303635623031363361383038
39303961643339396163633166306334386266303430313761653063336430316165366537366562
35393739393866343566616566353564663966356461646464363635613835323335303239376530
39386436646437336461623732633763373636313534363061366466303662666334346432336164
33363561393338393130646538303133386665366633376663323661393633386530313735303366
32626265633665356531613138643735653765623563376533613933323039346361663566656162
65343636643630396265313833346531653961306137343738656434366539353438663665373831
66313730616131383737643032613530383038313430363232666238313161653131656164373938
35356464366137363933663333383466666332313531636132303835323965653164303639643064
61386138373663666338616466336531313661656362616638653861356330613463366634393731
37623636646465393361343165303766366166373630623736316536623261623434656234623161
66326239623562343265353762623735343839313732333536626561343166616666613133613737
62326430343238306638393763656131396263396538393163363836613664616132386534363736
62643932396235366333363365623435666464336465303762623032373266373636656364353266
38633463353935353638396566616466313063666165383530656532356234366639646238343633
34386636356234303038663832613333646639366536363032616230393738376138646138353063
37656664373732353364656538373762613566623765303036366532386261636533303661383631
33303039333565626635323736666630333566376138646437616130333063646266393261643037
61336666336236323538643135356637633034343537643037363630356331663765313661623663
34346163363539373631306430653931393030633363623337393130373265656136326661323262
31346430646432383039346435353738656265653233386564306466613632633839343032393664
36313338366439353832646635613666316166303536353337373933313665643535663365373265
63336562303933366333323062646236313032343635623333626635643063383337303561373432
64643965663838313062613762633738326239343136386362303166633830343635383361353862
31336630373638306336633262313836643338333230343366633364633935343132633539366163
34386634393439643330383336666133333766646661343335366363396638396235636536356537
35383634636130366331656333313433316537663861383538366231613763396465353565643034
37613131623262666531363936653634656534303433613332346162316365366264636363376666
30363637303037633764343166316565313734363864313130383038656133613530663733333865
30663437353462343836333039633466306266363538343963666636616234343539316662646637
61313364356163636634373133326232343230366232643337656436623238383434633166346461
38643863396435666232396136616131396630316362393935643732373933306134353933383736
64323231346539393665646463623961373338336138326437356665646264386231336335303932
62316231383866356435633431336233373862353230316135666437383237393731663436613235
33613135613631303131656337636236653366663930653736366264316535623233653961316136
66666161366233623139636135303530376638636237386437633936353063613831386337633038
62616536636130326637326263616636666630333039323834343063656434613938656164633638
33303834393766313436616637656464663435326538626564396165346235383866386230343932
63613335303833326530633231343061336162643461366638376462633033653862656538643834
64663961303133353037316135393638616365613464313163333833333961313165373763636562
63303362323137346139646438386164396230376165353761633262373039393737366431383733
36666635616365376462613737383533306565636138313264343737653666313366333264326333
30383661323062643265386438373436336166333666336334653734343033633038646634346133
38353461653865343434633061333561626131343437383430386233633731366664396339643637
30346461623235653538646135653866373530646365633161646637303562333838373336376435
30396630393835393436623534393839363835396136313439393332303363613966373332393435
31643430653235666562333931663964633261646334326233323033363239303561633937643034
35316538353037323635323935343866313463363733316566383231303531336634653238343766
64316139316466353931393933336431346264393763633133366535646534663230383265373234
35313932666136376261383535396466333638616161663864383634393936373238316134346336
34376531366531346561323363653033653437353634373233396564636666356666343161646161
61636436343033633037393462383332653934396264343062356334343662646461373934623864
63323235383335633132633264366433373631353463336530613635653136633164363238653762
39653565366637313937393861323561393839616661343537383536346563366466303361356139
38653564623938366362643461386437346661646662663165376362353137626437396366656566
37326130303337323334343834333732363634383064633335616133346237303333326366643132
33353166353866396437336163396336313266303362383135333039313766386163363036313837
63623239306562343164636463303936366134313630646362323233363130393337613837616537
30366133656563613037333338616264363135346533636332333962656135353039333463616132
31616638366433653731323065383837353131663134363364393663623836303066616262393733
65366138626236323164623062633364383930386165653265343936623366303635336636663861
33623037383161663930306461386163396338633863613637663634663938646132336632383238
38373738353831656566326462356132336338303736303762313730366335306364343936616638
64643538323362303639363161383038316631613065646635633464636234303662656661333439
32316135656438333439333433353038303530383739646435653932666431613438363366626339
33623162306636653538633739313130303639636561343964623566646365663363393838353539
37323939346232333230663462346464343538663338373930356230663136353265393662633933
35316534306639663530623938633735383633373735343134366430303038653064613732353633
62333731316465363731306135363436313666373435663362663639643834353835653461393263
66353531613835353561646635383632653637303562306539323131383339623164656235643363
64313662666662393039363038373735613364363537643533643139336162386265623633303439
36393965313862643439323766346339643938626335373633656632306638633661643733343130
33633662316664323837383439363030653935366565633737393536616332653333376664336334
34333235616636633436616137613039666439366638663533393634623764626433646162316335
62663364343630396561316433666232616337313836306332636335313362396436343936353562
66663165626536373361353563316461356331343433306639323164373635666435663532623863
61396435386438646262373639363066306337303534633766653965323833343166343334643730
66666334346463303633313532666433623762306437316138656531393937626533666531396663
33646336626638393965333337393563656462376665613133313231316136303332613236626532
31393831323463633537393732333164386463363336393033613234336166316639396232323536
65336638656566636662383638663836653130653930626139363463666265373339306434333262
39623532626533386338643665373132356162356239336562383163303735346165363037353861
36306232626263323061643434663937643631363865643531393230383665353232623538386365
61663934653331633061323434346236376338393964653431376331386235373363653261343131
34333434313738636632633663346632636531376266653039343032633534373265623336633861
63323333626465643436613636633139366233306366616635363336346139666365633461343832
34613461663163363530323933663835313734383066393235646438626336336639363866393336
35393535303264633733623231313362616633383264386230393132336532393030663735643630
34343965363034343936343839356266353964643738663033646230353632643030663663363363
36386531653866333934653930643762396136383961316433343230373034326661633662356138
37313733393263356539613633393636616563316666636661666639346130306239323835643866
38326561633436393432653865323431653463383437386435663836353862666532373631666532
31336337346433646632363061373633333939653162626335313865666434306431336636666332
62663438363662343636383433366332353032383835663661386338393235623236353133613065
64666166376661346237306634303830626335636466646266613966353030313638393537343138
33616561393632663830393461343765646233643434373933623765333963636335383232383431
63616233326264376133623764303238313531646165346665336639633464393335333430333862
34333330303561626361663133336632303232653263313539386433363063343136313061653737
66303463326231326538366433313636323862393137376361353431323365393330343537623461
63383235313033633334313631656332653837646532393231396339643966656564346439303836
38323631323331396534643137336463633832613465396535643933323837353436653130343564
35323061303965616364613034303561613864616262626166663930333836623763393234333136
36633532373431386466653064623663653331383664356261336133386463656262363231336236
36336539643037643163353632613739303063396234366461303432393863336331366437383533
31643263396365326338343463666564336362373931393835323263623565616433636234393135
61656436626463373563343134373630643434643762306431313763343936303063636165333038
30633937666535383630613362626334363165343862326164656264393339643165313639323831
65363738643634396161353464613465653964363035353833363034323735663831666137326639
66383739366633333330326161323830393536323832333066303165353936343437343132623134
33646666633434303037663830643466623138356562366365326265373738386638353132666231
65363565376335346666356135633138636635313161653135366663323638653332303736646330
38353936646137393434333830353238353162383735373137356263313538333437626236313733
62323035646634326135323861386631313434393032343536626364303165333561376264343838
30396530396465333764616465366239316164333834363631663765363162333437666539333634
35343830313135613034363638393363313032393037396236666461353866653633353030303335
38346433663032623435393965303764323237326138626430393463643561333931373339353565
66323736636233363861376135363963393765386233373363376630336534623934313165633838
33663732313139383337306538333165303234353835626130336338336430656466613866613336
34666363633266323636623765326261613166363032326133383831326637666364336462306339
33616266636331643836656530656434376365333830653365356664623932303366613631653532
61363665613635343831326136386662343638366332386236373434316366396262633534356637
65343739373239323963646464373632653138386335366265623462333030323931383534363932
37356538333063306265636636626335346530333935303663313533393433613334343766353135
33653565343434373632656366336462386466636336613632353231633337376231653466313337
65633661646530386130643137306538636330313035616637623465346564656563643365396234
39303830643634356464633462623663613035383363363264653034626435373161393961326636
31333635356537623439383334393264393561333764643666643961336663333736336536623965
36613338646161336337346639343364333264313634666233376334386665356231663930353131
65313731323239336337663961363734313039383939303236353165303466623238313662643333
36396161346433383861393264336136613735636633386131653333393832363631656363383033
33346338373165313135343333653763303165396339353339343034333830613638396531363130
38396534306438353734323633663939666161373563323633363339646234323831626463336239
62626463366438366665613436623465333531366263636435363137396238623262623836323837
38313563333465346664333136356665353534366435653064316465653130396561373061383338
36353365306663653739643834623839623939616362353562376236303639336264376439353464
6332396666656639313030393064643363653962663537313231
