$ANSIBLE_VAULT;1.1;AES256
34333161666465666632366266633737333963333361333339313961363236653634393766383035
3861383933333737356634653932366434623464373462300a323863396139373766383534306331
36393733303131373966353730333762393732353264383565363735356161373033336637613863
3363323132313961610a313535356464323937346464636430636565326433306237396630306563
34656436323664613032393064653731303737313436656638666335376637626432663563646464
34356635393464353435373362616338653735626531623835343537333737346631373665363736
31373136613234306162613931363962643931373932383135333638396437633733373530616630
34666431623632623230656338636461656437653731316361393137353834303135353535336639
37623034316538646464383037643764313665623666346639623238353063386162333135653165
30323035326236366439303237363966366534613932373237383437343535316535326232636138
33663164653035353037323761333235343936343864306366656130303230643566333835623764
62373632613637633864643861303332643531376365306134353164646362333363366438383263
63343934653336646436643366626330653031646332653462393631663166376237656431656234
62353265663062313262313262326563303562306165356463653463646633616537326530653433
36383363366332643663653532323532343261386630343066383538643661373561666565373338
37366461343961663632666436613162613631323866396637653033353564646332393932346163
38363636376239316636613066316635363133613538666433363163393838356334383932636139
35393261643031643364353130333437326563626638343964303938356231396164623632353164
31353332356438343436316633643064623832623065616637396233353834393564383936353261
31303463376238653938393433646438393461396362366537376330373633663162616137643535
39306565313530623430353366613338633634313538343236393661616138623965666336643333
32663334333633663835663134326338366462316663656439386265343962666638383762366136
61633665333730636430346164616563303933323230626532336466303131656438383635633665
39653434363337373030623866316262303532373035313364356535366430346664323336383439
33336362616335353763336331623963333661393365363138653035616466616634363036656662
63363061613934666130306539623831363638613365396465306431376162346566343930633132
35333332343830626430393030363630343563323766306265306532333534636337316366653932
64386661653662316432353934383536663335393732346130323230376130396337373066613962
35613335646636323038663466386463363737353438343730313435316137376663663430326239
39343063323261663764633033373965616137313364616664396566643438306436366439633335
39626662383261383233303637656531373235346463306439323363386534373335303531363039
32316430393735386262663063323066373733653066623563323862666333656532633764623439
39306330376266306239636538653237363837353132363931326336303130373764643131626264
63383234616563666364633136303466356631626262633464383462336162626436343930373934
63643839613139333436653266316635303835393435663565383430636630386636366265323630
64653366666232393861346366663939653233643065383833646230366563636163653733616431
31386535346163343335386637393438396432303336383233356634663233616330623865353166
32393562363633623765363337373364313538343465666436323938613333643161346231616262
30646135663934303161643538363135343839393039663430306238613164653539303362646432
65333764343036336561313066306530653162386230613562353834336235373831316333303366
35313862373437633463643236343230323631336537303238636339636165393838343265396664
66636137626561323363633831393263616662633333363239386661306632383035393761323333
31616439663236316538623033343561323834313938643535333034383462343537353663333938
31393339336464353237316532353266393564613765356661613136303433393832326363313162
31336562663133306331393037643632393137373561656234643266643062333639623761333939
31326633356439323735376636343939373030353964386261643263643531636430333235656439
66616232666263313831303964353736316530653739336664333464643638633737613131646539
30343932653463333261633937623864333231613239316238383033346336643564313234316636
61663766383036353061646662333661363230366363343564353730623938313766636465393135
63346433376433363066626433316366613335383633386333666630326337376164323937646361
31656538353132373935633639656130396134326563326235373361353761336330363839666134
37643464636532316330343437383731623139373564343566383836323933613931663264313939
37333131646139363537633463383037323237383966333930396537346336353538656663333263
31613161316631643262306165626631336431353635343532613235643064663435386233313566
34663464623630666131313739383465643134656463373461613330373963666539396561666137
38326162376266663262353663653834643464393335636433363830623865666464326564356235
62356564343239356465636535363266643931326165656435656461663437623537303663313762
36323032653136313732653861383361326237643566353438383563653032643436316437656561
39303466663637303739386433616537323939643337396265623262656631626663373530343766
63313531303666626530343236353864313336656665653432643064663134323365663536336461
39353161656166323835376562383464366566316231353730343063343733346232353233636664
36396632366664393038333931633333383233316265383132396662383931656236656136373266
30623939323361356664356563366632643430623035306261666539383333643866316464353666
35633730623530613365393162646430613333313361623933666463653431663338366636663639
36343730623331623934646233623061663464656664383135663064663764613337353831666565
65663462313730383131383932363435613239663965303966613465383433613462626664616339
36366461666230616261616632643562343265333661393564346236646631353563323066343264
32383666326433393234333532623635663038363661373661323636663435366562666634333964
66643238656634306262303832323639663036363466383361383031343237323861633437303239
30326136336536613431633337613564333434393063323262343237346330303162386362393535
36613666633731353534633430633536646534633164653263633239316131653364633335613135
32626636623061363563623765306236323865653164623933306331653562383766373664343835
30386264393630633862623538626161663339306265633261383535343131643762643666636531
38666532326261663865373364333130656363623563366333323364353138633434333832356130
32663436393132646437626264643034373730363836306464633433623838656132623335656164
66356665643630356636666133633035653263393866366632656431623935303930336662613136
35333236373435646536306261623365636431643565343530396636393233633464313932666334
61306631313866386466343561333530383861323431633732636133653039306266353536303232
38393431663061393166363336643366656262346431346139336663386437353133363665396435
37666630653238663135613538373265336262656533666465363464313564356461363038366565
33383138343736386232343631613533343262666533333161656466336137656536633064363065
38626563653461363464633362633863616466623965373931313234383666316537313061323066
37306463336631613038373964393964383233616637663437393433393761333064613239323939
66366337356464313931663461363537326436303934313335633064633332383131333332393162
34396663373461643137393933653162666463326135623065336461646331323031393037343438
66316562383230623135336636666262336563646535393034623335633832626234653033613865
38653832313435333631303235393037366264333464663166326166623364333335326238646234
34383135353834653631313030306436383139353038613031353530636631633366373831366265
34663036653661623461643637626161376539373539646264616361616261616633
