$ANSIBLE_VAULT;1.1;AES256
32346632643366323735313465313362333862326566633966326331643465646334363835356666
3865373163663665393465396561646137363837376161390a396438376637616332346565393231
39323633643961306462346236646262613434306138343264303138353234343862323937303934
6330383039623962640a633237353638633630623462633438646338363230316437333230376432
30616638313566373430326266313039326130366535396130393463626330323832356438393337
61316566393630336261613161346338383835633331663637313938393536373261653763323463
38623932333139653834303965653637306330303433323161646465303538343037383963666164
61343032323935333839653364383239346136326464623839346336306136343931316338383865
65663832636162363539313633646163306336613863383165346337613734353433353561643461
32626433633864376564616137666638376361393536346462353936303033376337393130646564
33636232343032326464626237623564336132633065356136303938623863343733306364613666
37383339366537383433363433626231373463666266636636306439376365396636326539313839
39646630366634393235333662663933373932643634623664623563653562303831366366623665
34346633626530393430646263626430613334316137393830363135343538386635333437376534
39336633353835663736373436393731616233333137623436386161393732393531636235663133
37356263363539646339396637363230323336623166323830346465613466316431643439643463
38373531643665613537313265626364386531343535343630303564653462643633633732396535
33653764623735353734326535653932393836333561323839306236356532643938643531386162
65613536303635386633643234663431656131363836346265326462666165393966383130386662
62303534326137326137326563613236316263363263306437343635623264306638613433663838
39346161323336366461363061336233366661623136306464653861633438303064633833303531
30666361333333653037313662383462386237386131656138333434343337666538393238646637
33383161363138633839623763333935643234393230336536633835353461313464653233363939
31646566616264326464313132343666656161656565666564623563396431343862363763323861
65666531633637653438396439393664396133613265616137626530303837623731613832326435
31643931666538393066626438386636386330643662373032626439336138333966376363643035
30376133386331353339613635346334613734346461393834336361666632353532306236363537
62643930353536646266623930373263303733656337373332353330343831386233386536663432
34623365623832633532323030303138343637373762666635303533653439646361366436306164
36393366373632313066663030643561373661336634333339633537653562623838363638346164
30396266386261313761313337303862646566383161386139396636623662336231333666636634
62653735623262363530316233303661613662643038306430376162363564316135646466626664
36323536363935666638376330373637623437653533633634656339636535313637356235316534
36353766656538396463396338636162363563643963313938396662303364333138663739323138
37643961643864393230316239663532333438303033633261643331333663306635343965653338
33313233623966303164306633343162653133363861346465653063626531623736636364646134
63353665343162383933393037326364613265373734623533316431383831316637613931393962
32333930306230323938653534363862336636626361633366326666396264333164653238383033
37393936636466373334396435326532363230663661353531313966396438373134356666656162
64353136393339623738333739663161356365646330363663353636636465653339363033323663
34366237363735363062636364636435326564666437653434663664366139313261623931373162
30303062663863656134666231643836303138316635623336363464336335306230313030366166
66373432383637303439383134633662366466336331653632666665353361623466353532333236
39346232306637363766333563343838373463663533386561393166313565366361303363333037
34613763366436356561313736326162313965303266383763313531333836623335343966353665
32636361363931376435373162343663666131653937336661396564653138353639633163643133
32623533356263366462333533643935616363376133363933653937366535623363376239323937
66656666356436383832346430663630656162386637336138666531326261346636663164643030
39643934396530333538343139356566356535643336313462333733653963623234663966616463
34396539383962393036346430643438343433363165333666306331383562303261613666643963
34376561636664383661323031323334613465616235323634626665386135663664343465353462
34343436336563643034376232363839326564303331663331643133663737336638363264393938
61633737376636636438383035396361653232663434323364396538666436383562373462613934
62363039396636336530616465666138326261633465363364636439343436383539383139353036
66366461386533336565616234353638613065623563623261633963373633386633346336666438
37646463383339666635613331663464333464646161303566643962643130386461653533636639
65373062633138316164626338626137623630333362353766636632613831653939623037646336
35633164306361366232666334363135343032366332313135326436383464343636346136303437
30303165373535386461626566343166363963336665653965653666323937326334643963656439
32653231346463323266633663353464323832613864376630666130663433646133393564363839
34373363393037343633373866623433363137646365663036336333376434616165323432353434
38623534343335303938396536373630313232336130656236383538313030373733636433656561
32633031356534356237323338346366343537366437653837633231373130343739623765363538
31343962303339323139623637623834663337303435383366366130663836666331306436303138
61316538653033313335306462613664343534393462666132316239323831383361623665636331
35633166653961366136363339613235316435633163303630326463376332323266353634653434
61363939653061393732633832366532356265656232623862666666386330646637363064333264
36396662643231323936646363383062356430666561663364383439373839363963366433643766
37663162383362626233353466626363303635366435653930353866366661656336663734653139
65613635303164623637623335306534313337396438333132333138633239333336376365613733
63633536613938653630666235653263626233373939393661333639616136383130626566336330
39323739613863323230333037626361613066376335303761313862356137616566396531393931
33616162616333656234356231323234616665633430346430353833363361616530613537376630
30383639363030616134376465643062313964626536343232646264306161613265306464353365
66623338643138393632316262343662613939663739373238643363326439326563656536613337
39383931623835373561613465356664393264303339306230663030366163646333393730653662
65653663343632343638616463373564616231346561656666653138636637316562316266633236
38313335396666366366336266616334356166663933653839336637363439326366333638366234
38323339646236363362316363363337323235323961326536616132353364663336306136363635
39613833636365313234346534383730353434313734366235663562356365643161616463343531
33376162393536356162333765336462333462626531356563346161316161633138336365386565
30356531346634363764353364353230336430616132333238366534623632353965353731646330
34663036386561616264333063343866663334643630326561376166633033393565626430646339
36316534373734626566663938663266653165646430646538336132353566366239323965343865
37666466393736653238613632373665373861386435663330666138363931373831323137326663
31346636613535623832343139363536393630383731613961306633353339366464336135613138
36626232396565373565313063663233653232366333373261393134373531666662633232626164
34343064633138396131346164666464373065356463366162386638316638313331316137626461
66383162386364383537666532323936313263663833623038643661663735646363376236646234
34616239646365623066653937633262346332663937656131346137376363646138343432336564
62356334646465303430666335336566396233336130333465346632356465306565613262393338
30353730653063336466633636383863613064303866653937376265616438383933303832326364
33643633326463646437613135336366313964373565663132396565656566323866663730306265
31656132343236353861303139343637613633396466386138643331653132396134663432663336
31383038633633373638396636383938646337363966653566616531636365346536613736653465
33653338323164383837656536376565613139623236316361653163393935613465383732636134
32323965643139313536333663386136626432393631656135653365376465316564626261373235
38383164393164303561636265663633346233313430356561336339613034333939376134393065
63313162383565393732393938666431316138363239353864626661666562623162343066353666
32323361306463386636653332636335633464623463643336353239343463363832316332356530
34636164303430613238303933626266366262616533633166386562373130633933356462313133
35383365353661303265393738663663376666306138316564386230613632353266376632623137
61666635383666626465343531396261623362643161346637356237333961656234333761636166
64633363373364643139333538303336363562653466383235646132353266643330653263623537
32353233313336613133333661343739336134343632303761353230356238386665313033396538
34373362623535306137316238336537623033303739333337646637636164363938343934376336
38326434303337643866313035636139343565656165306266333562396566383031343832326438
66373337663138343761633630303231333837633464643137353434376534396433623130623634
61626339373863333635333833666236303639666666336336383138343761366563383466333636
63326466336264646535336432366266323165363263626262366431346662313664353235393432
32653231346266626261396236373031643761323364393662383963353530373065356236396265
65626539366337626235336134633461323262366133373164383064356437636666333834656232
37626163313963636138373561396262336133373732663131653631386539383838396339386661
38383132616338396161643764343433383461666634363664613363646331346439653162613530
39613335653239373936396437396661383966326230396531336332653738313036363663626564
34653161656534336332323466623637353739396430663338303637663131333564366230663332
33316434653565353466326231663839333231353661363238356637313237306133313062373862
63316361336638393066663131356534346562333633303135626330366539656439663836366534
61373038646561643666643163336636656539373039623461353963313134653238386630626361
37353133636637663538376461633466333337336332623831396135326634303439366636333461
61623764373935653234303831636466313239313737633434313536643161323432353530653636
35313865663061636362623662383031393932313239383535666165333637383662666132393364
63316261646531623864333162613038613465396466636332343730383065346330663762646366
32316331343761646436323436303430353235396330393437636634353233303039363736366165
37356265393639316237373337313765356532383133643436366430393462306261343866373232
66346434653162336239353734393966333965356130313262643237656239353966363765623138
62646630633638346466303265613464643334306561633530323265613862333034643564353066
64353536666530316537623934633763633162646462396233313765343565316233353065323664
35333038626439396232633861636234373033616330346131303237653536353861333161663763
62613531353132346635656362383732356661353730653533386130323037326663356133643633
66343764383734393264623533653364666630376332393338313330653337633433333330633339
39323066633434343433353939613338336234383161616237656363336131383337353164356631
38396435393531383839333332633762303664303734663832313539643234373966626562373834
38646234666664343534366337646333633735303932663364656138363466353538646536646234
38336462313238663261383964366336633137333033323233373137323939656130356463323733
39326131373661633932623931636239353665386164386133383731646162333266353234633632
61616138626137313934353938616661323165303239613331633235653164616164333532633165
61363631313930386365336264623831663739373138613530343061643833643639376236383635
31393434313730633166663965393039393665326330643665333132343364326162306637373762
63616332383064626463353262666264353336666430376665363361386166373532616261303266
38613937663866636166653865613566353961653931346235323732333866303863653635623233
66353031386438626336373965646662653062626464333639353539313638303131393635366137
65326364326430313061363564326461366533663666393761373138383838323163633337333636
34326236323865306639363262333137626131653832643861323462333635313631326461393430
36633461373738616334643865656465373137613732643265303034643635396532623033373831
32653161353236643764666335313665373035393138316436336437633962326161663237666331
32616464393764396364666136616339353766393832646663643930303766393065383463623765
36356463393562313834323538356137356530326361616634633964363463393135383136366136
65656633363963306237646361336531633830663138303138323561316630336331373739616266
38333366373038313162653465313132663565366464373161316235626232656638333230366434
36336361346361333566346635613430393831323065633234386462623635363463356535336536
34343230313362643466633833613461393763346137396436633434316662373238363835333133
65643737623763306165356130653662313936636338623938663961353064316236656236663430
62363730306563663433366162613733306539636139653130303937303563313133646461343965
31653437333864366333316133623066613336633334646132336536633833333336623338313638
39316230653734323937336338616663303863666162313131353235326161643535626332383532
34636636656664636661643961333032376533343836393939323035396362623163663664663933
61383633313261313931326531663438316637313365346235613831316238643931333239366638
61343435323063373063353661366464666138343864663034626138316564343839393962313931
62306263323337346238373666343737643936383835333861376662356337303436316631663337
38356564376566353066313335316162353138333635363363663030653933333932353261616236
64313433656137346664666465323730313463396664353930373839373230383738393238326537
66303365306562313962363037373335386439346566656236373663323039306538386631663038
30653466386165393261343461363530363064613430663539343234646463363665613863623430
65626637336337653766623931616436653734396439313666356134373136626132353232303531
65343235353034323864366564353030613233313362663264383139323032613639353562643163
39316437383933343864336130656532613866633638386337373363316265613436366231623565
31653864323762363363363333363130373032336262303431343663393566396339353233633731
30393936613362333937656132643265366365653063626638336261373731383261363938646231
37333030323234613535623230313837613264303261343137643763323032306566613038363434
32633939306663366462373735363833663633623434666432313762343564326438656133396263
35643938666331656566333437343833316464323432303031323630326339646339646434333432
61333636626262613736333638366461306139303431396238336239326465653638353462636433
37663733303533326135633935353564383364393365356566326133633633663231656236376438
37636165316639313064373164356537363239326163383634353530343136663965636562623837
61383434303961396634393262396138666338353766643034393332343132636133633766333830
32373234626163316238363565666630313336643931383964356134396463633035376434623032
30376339376439356536383065376262613361653235623334303838356664343566316166623465
63313866663164666135353634363134353835396235623865326361643833366161663262666662
64656566626539323538363837653662663536656234396464643638643865313130303733353466
33366337663932643234363839613830633731356138666330343063653137353736353130303464
6637386132656530333266306133643339636462366135366333
