$ANSIBLE_VAULT;1.1;AES256
62343632303235306332626233363832363035376464323636656534313836666262653638383163
6363393432376131663861313838626232386139656236650a373238383835353233376365303734
37653033623531393063643233373465356231303366333561613166346465313937356665633233
6237666637303338630a393464383065666161636331353433623239313437333136626462616139
39323564336534616237316337633834623434393739306437383266643233386434396663303865
66643835666339363339613130356237336266313630643330353262623935393433313865336338
36653336353538333434383333373265623532363163623266376534326332376236316536643862
31666361343762396236303266386139623233346236306335373235313764393532376137336463
37616262323137393236383162373837613565323230613862656664313839396236623766303965
62623131653936626562326664346439363535353663623736633438636130373831376331363632
37613232343036313562336233343538646534346437613837626331626463323938313537666235
62336363326433386366646564306333343237666430663764666430663632643731356534373731
32346338633263393664353337323062303461633765306566383837306265666364303737396239
61646132346238616637623136343661396535316534333564306634333237376635643639313461
39386463373434613437633534366638306337653939643432636134663430653031363935326534
38356439346461313163323731663937343565663833313138656131393561626664333330373931
65353061343963653565663466313535373035643332346566326132623730653861666237626236
65336566663264373166393435353566316435333639363734626537333132343332303533383265
61383637333963313066376533396663323639643638353038633735326532306664346531616336
31316263623933373164343164373464353534336637333334383563313765646531316435316532
30306530386562376433333934316336653036313130383333613836623439656535303362393033
65643765663761636463376139623439663137636134346435636430383736373332646263643134
33643563653931323830613864316465643263323334333436626530663931366162303162663335
61646133363833663661636531633736636334666237366537313933626130636439303139333032
38313633396539393966373861396666653862383236633735323330373962656134353430643734
62613461646430636461663533313265333030653665353261323761636436613962306463653330
38636333616161613936666239356435663430306337333534623634323837656366323866303463
32363261343962346363653164313364646237303731346461373738326466353632373332653533
64616237393934613431336134333139333463663037613134633330363830323433613837363261
38326137653132663939626338343832323766643361376333666161346332346264356233353135
37656161666231343938356537613437363139616234326661383561373830343435663234326530
62333464316538393631346264663365643635393634376230313836346231346563616634313833
37653433333336363932356138386233633131636331383462313465333662636232393863653134
31653733323064363739393030623235643334393937363434623931643139356332313130393238
62633930336230623937303038613837656361323561393136656533323933663533343435343939
36646364383163656130323035623362313261613439333662323832623734373137663135333332
31666133393364316235663361313062363439653739356162396232373863353631666236373730
37373938653766333561326164653539396432333762656666316638373534386163303231386163
38363966303035656337633264353933313466623166633334383632356231626661633337646433
34303332353538393234653530306337386239376632616161623435656266363131623961376532
39656161663138303635333962323938353234646461353834346231646130313132333331386361
33633866653561643362326133656630373837613866383366323436323539333033306339376535
34383664366265346432373131356230643732633032303161356133396436626265643463656661
61393130636461653133383130333032663134333334643864343765363666656133303431323533
36613939393135373438616135656237633836376534313865396638643231336332343865386166
61623965393630353839383038383036356465303736393963613432326431643839303563376636
39613631633739666438376430363566313833623733333962396463373363326131316664333134
35656438316461356431373864316636323938326534383930333633306531306333303062643138
30343761343131356366396164386262373362643331386337616466636531383733396561656666
34616266366539306134656661313237353339623238653635633366616661643861653137323038
37626464653137306266646230633439316463386462376162383037396437373633386264636531
33353166346464376464343332656136666463326630306564306134386466623935396138306165
35626565333061636635343834653766356262393236613539373465613565643735373663393466
64616235396662303632663165323236636535376262663333373938303938613235646464636535
65613764346331613638336232663539666538336338366332353737636638393537613436643666
64333261306561306630343535663234356466303061353136366161646132323138643238643337
35303730326634663230383639626132323738326161326162626333623062373235663562386433
35396334326637613437356665333331623831653139663836636531646639396230396631306430
39376533363432316537306133346263303536386237343861653236326666326237646632333164
65633061653666633066326265366665353830306237366131626536383630376235326331336535
31626432616637656236646433663961323332393235633437363937666432346161323064366564
38366539336664653764383132353335613233366265343633343865616466396536316435643366
66666565663839396265636635366430643039643664326564356461393132393535323839336533
62633536653330396461636537336562653639373361336664366138313839636466386161366230
37316461383065386236353934373333313238373836633933633466663033623164326239313038
66323038303236323339613836313163633835303034376535356165613434643962343536616164
63346362396563326331616166333131343335353034336563353734616432663139303936396534
64643236656439633332383737633866383336653861663234373363326366623238626263396364
35623030623232373238366431353936373730653763616165306431343235343065376334666265
34323265396532616238333662396135653166356631376266353237303264333862316161323866
35306664616438316166663735353466623363303732373536366537323835336562623234636462
62353362313736623935646662373734303434666165653339616466326437663337393161336235
36646433376364333538333136356436383437383138376162623361383637666538343632653532
61643430643738666463626662356564363066353133636335636461346163303439353930646231
30393863633138323762353764373565326165373566643966663437616161653533636664656138
64656138346162623435313138383664663662363461356137303034306131356364653230326561
33623839656464663565396339623030336565326132323533366235383765323337653737326263
34356335666365636565623664353338636163333564353234646561326535333930666665643362
37303739373239343666636566306536646135316138313566643330313663323064393432636263
63623464663638626636653461323637663863646333303439316136666338343036643132323165
37356666313631313639376630376562373633643864636130653236313765326632363038633963
64333438313164303339653635353132323636653635383633396138386466366537643665313933
61306661353134326331306232626431643665663234613463636430653261663133353665393533
61363938323966346437626631666665326231373863646331353337663838646263393633303163
33386138653332643661336665336630623563333030656434636533323865656666333631616663
31336264353063353930306132386165376133306132316465363939646461376264666266643864
30663538343834613534366564623834353665346531653135373663326565316365313963343133
65383437396366636261373764323331616637303431333535666134326335646539666464366238
30373965303633333630336537626234323335663934363066303935633262643466623735623433
38613536373730633033323031396133396634643935666634363134653662656134366530613635
31663338346134383138626637313838653661326464393333326635613739393030616233303839
65623862383263353335623533353839386339336633613532653432366437316636633065313739
38633566636639383234313737376565343932363236633164313936353135333130333931323835
62653036306666643333383363396165613036646334623031616561396430376133396638383261
66656639366565646333626538336162653839353365666266346462386563353935366663303264
36633535393064326630643362383631633966613035313532373239323830323431656431333735
62363435373861316335646266313533383434613065646239373237346439353335663133633838
39396236316164666366643763366364393132336261336665343538313263313034626534386439
62646162333462613433623438336131316135373736643635376331643833363030643834313635
66376361633563653037313864373966633937623632323435343565613632396538333838396466
32336232336465343633666565346130323766393562653136373531323639353739656637333439
63303436653839646637666638626165386338343034636331656463643665363633306232313131
36663032396233353736663833666134663238623365316631306261303738323830313261616161
34653339616638616432643138343164333566356563633364616233346337663333326334663464
64663530626535313130386161323231316537363638386139383063306434663663313064333766
30336663356235386164316233383563623562376239326633363361643462363762663435626233
63336135323664333462303362376666623766376566663634313232363736323561383439323366
64383365646237613039653163373564623864343064353166366166326561343435386563656539
39633235373937313337653636346563326235623832333763643334306263663037366633363437
62373266353236646231386166356563656665393332636536636465336465626262346566636366
32373962333561303733313863303236356639376136663731343932646134623063303435653365
30333330323466376530666637633963643530363036666335373938306430633966666131666661
65666361333364353861376234663463313339633161613838323936373261373236636236633238
36306561623437336430393465346161643966633033656638313931336132666339393932623638
38616330666563323334643336616330663630383839646537386461663338346539663565383762
34646230356463366435323435373037363265336465653934383532373334353533653566306532
64633062613534333261383666383561323834313831363635393332633734366631306334646562
65373739366465613539633336656363343664626162383932646164323832346265633834323065
62323435363664616563303035383163376330633136653132643338303938653030333865346337
63643138396430613063353562356534323836363432353233376464646430323065336630613164
61636530636161633436373630303264373336623161353936373061336566363163633439646637
61306461643263643266326231623164653331306330313864646339333163323262316336646331
33666335613032313438623037626137396630643462613834313265653230316362633631353438
36613135386238333361623363356231373734636238343231323633616536656231363435663134
30306535633938323334656439653732313336663635636531633264383861323166313433626161
64376438656436636463313234336530626635303961373363323264643538326133323166633036
31613261633136663439363236333534356161656635303131343136323464316532376632323538
62653864353933383164393137626437323837396134633139316263346239306339313765343564
31366636336361323061353333396531623435303166373131363431303037653134343965643263
37646563313963643437343239343432653766396332626161363838636466303165366437613662
64316435643363383936343964303363353962633230333432366332656139663565376262653636
34393530383563613234353665353237623237646433333833346232363364356530333434356266
32346165623134363335643761663037643638626235643633363138313461353330643963333333
30663666353537656662313435343366646533396634306436373564393338393866376135336138
33323164396538663830353934343563623830393438313334626131313863643938666161333965
37373065373032643432623563383563373738303238376662306534373034633037336262346566
30306635356332333939396236343363386565656361633933316536663738616135303237376365
37633661656132386232336265373531306364666362316138613465303735393435636265373065
65373830383563663265613433383563636362343562316438356262323863643430623363646234
35376534646431646163613134643865633538396561396130343733323136346231306436383537
30613463623164653131383836373335343036363763383738613737613137646535363238633862
30666338373732326163306166353234323038363735303361323233633134313063373763373037
65623961323261616165353535613332626333353266356563356538613465646564633034303432
66366533333131613162393765316433306562386462623739353563373733336630383864373637
33613530393437313563663437306136646366396464306561353063303264333462346566396464
62383064376565346330643132396233653934373161306639623361626530396131316537623061
33393666616462366432643565613131306234333963666332656465336161303632623861313962
62666561386639313065346439313938646466613861366638363763633562626235396262383532
33633233633634393535383766306661356337636535386261626137653364613839393033366163
65613431343939303865636237383262343737343636333161643432303730633362393163643834
66326364626639306330656639306632633165313930323363613831393733383537663938616431
32366563336133386563323138336633643837383539353661336230633538663437303363306130
37396632613132613837303738633333383531663262393064306265643962323333366232323437
31646565653935646535373566626262623535383535303931393662333363333765316164313664
39666431353839613239666236343235356333616663636363626265373035326335393332373963
39646533653862363832393962366465626366653830633165616138366361323536366562303031
33373461333539303166656334663839303634303964383433333161656561373534353930653364
37623661646130303466333366616132623630656336656435373566373639376166616337306362
35626264393833633763366235643434386437663637383161353763323138653065316635356362
39383232383835663363663736653434626136633836393336663961383039313037343765323030
30663763643863366132633331616563363034333337396636643030343366643130646237303763
35613539323532363934396538326461306166663166326364333035643565363239623663636239
61613061386164643831653061333538626465333966303738303763643163613930623239636132
64666466623065326563326236376336376563326463363563656136663338643230303766663939
61383438663032373038356165393963366633646162393033383230383135313331383964633766
6533343130346136303034666266373434326439666464363136
